libical master 48d52b4b868d5adb05aa7b4ba3be95c848066552; adapters as in conformance/RESULTS.md
generated by findings/repro/022-probe-cases.ndjson

== P1  DTSTART:20260705T090000  RRULE:FREQ=WEEKLY;BYDAY=MO,SU,TU;BYMONTH=7  limit=15
   rruleref (naive)           20260705 20260706 20260707 20260712 20260713 20260714 20260719 20260720 20260721 20260726 20260727 20260728 20270704 20270705 20270706
   python-dateutil            20260705 20260706 20260707 20260712 20260713 20260714 20260719 20260720 20260721 20260726 20260727 20260728 20270704 20270705 20270706
   rrule.js                   20260705 20260706 20260707 20260712 20260713 20260714 20260719 20260720 20260721 20260726 20260727 20260728 20270704 20270705 20270706
   ical4j                     20260705 20260706 20260707 20260712 20260713 20260714 20260719 20260720 20260721 20260726 20260727 20260728 20270704 20270705 20270706
   lib-recur                  20260705 20260706 20260707 20260712 20260713 20260714 20260719 20260720 20260721 20260726 20260727 20260728 20270704 20270705 20270706
   libical master 48d52b4     20260705 20260706 20260707 20260712 20260713 20260714 20260719 20260720 20260721 20260726 20260727 20260728 20270704 20270705 20270706
   [reading] filter-instances 20260705 20260706 20260707 20260712 20260713 20260714 20260719 20260720 20260721 20260726 20260727 20260728 20270704 20270705 20270706
   [reading] seed-limit       20260705 20260706 20260707 20260712 20260713 20260714 20260719 20260720 20260721 20260726 20270628 20270629 20270704 20270705 20270706

== P3  DTSTART:20260705T090000  RRULE:FREQ=WEEKLY;BYDAY=MO,SU,TU;BYMONTH=7;BYSETPOS=1  limit=8
   rruleref (naive)           20260705 20260706 20260713 20260720 20260727 20270704 20270705 20270712
   python-dateutil            20260705 20260706 20260713 20260720 20260727 20270704 20270705 20270712
   rrule.js                   20260705 20260706 20260713 20260720 20260727 20270704 20270705 20270712
   ical4j                     20260705 20260712 20260719 20260726 20270704 20270711 20270718 20270725
   lib-recur                  20260705 20260706 20260713 20260720 20260727 20270704 20270705 20270712
   libical master 48d52b4     20260706 20260713 20260720 20260727 20270705 20270712 20270719 20270726
   [reading] filter-instances 20260705 20260706 20260713 20260720 20260727 20270704 20270705 20270712
   [reading] seed-limit       20260706 20260713 20260720 20270628 20270705 20270712 20270719 20280626

== Q1  DTSTART:20260701T090000  RRULE:FREQ=WEEKLY;BYDAY=MO,TU,WE,TH,FR;BYMONTH=7;BYSETPOS=1  limit=6
   rruleref (naive)           20260701 20260706 20260713 20260720 20260727 20270701
   python-dateutil            20260701 20260706 20260713 20260720 20260727 20270701
   rrule.js                   20260701 20260706 20260713 20260720 20260727 20270701
   ical4j                     20260706 20260713 20260720 20260727 20270705 20270712
   lib-recur                  20260701 20260706 20260713 20260720 20260727 20270701
   libical master 48d52b4     20260706 20260713 20260720 20260727 20270705 20270712
   [reading] filter-instances 20260701 20260706 20260713 20260720 20260727 20270701
   [reading] seed-limit       20260706 20260713 20260720 20260727 20270705 20270712

== Q2  DTSTART:20260703T090000  RRULE:FREQ=WEEKLY;BYDAY=MO,TU,WE,TH,FR;BYMONTH=7;BYSETPOS=-1  limit=6
   rruleref (naive)           20260703 20260710 20260717 20260724 20260731 20270702
   python-dateutil            20260703 20260710 20260717 20260724 20260731 20270702
   rrule.js                   20260703 20260710 20260717 20260724 20260731 20270702
   ical4j                     20260703 20260710 20260717 20260724 20260731 20270702
   lib-recur                  20260703 20260710 20260717 20260724 20260731 20270702
   libical master 48d52b4     20260703 20260710 20260717 20260724 20260731 20270709
   [reading] filter-instances 20260703 20260710 20260717 20260724 20260731 20270702
   [reading] seed-limit       20260703 20260710 20260717 20260724 20260731 20270702

== Q3  DTSTART:20260802T090000  RRULE:FREQ=WEEKLY;BYMONTH=8;BYDAY=SU,TU  limit=8
   rruleref (naive)           20260802 20260804 20260809 20260811 20260816 20260818 20260823 20260825
   python-dateutil            20260802 20260804 20260809 20260811 20260816 20260818 20260823 20260825
   rrule.js                   20260802 20260804 20260809 20260811 20260816 20260818 20260823 20260825
   ical4j                     20260802 20260804 20260809 20260811 20260816 20260818 20260823 20260825
   lib-recur                  20260802 20260804 20260809 20260811 20260816 20260818 20260823 20260825
   libical master 48d52b4     20260802 20260804 20260809 20260811 20260816 20260818 20260823 20260825
   [reading] filter-instances 20260802 20260804 20260809 20260811 20260816 20260818 20260823 20260825
   [reading] seed-limit       20260802 20260804 20260809 20260811 20260816 20260818 20260823 20260825

== Q4  DTSTART:20260901T090000  RRULE:FREQ=WEEKLY;BYDAY=MO,TU,WE,TH,FR;BYMONTH=9,10,11,12;BYSETPOS=1  limit=10
   rruleref (naive)           20260901 20260907 20260914 20260921 20260928 20261005 20261012 20261019 20261026 20261102
   python-dateutil            20260901 20260907 20260914 20260921 20260928 20261005 20261012 20261019 20261026 20261102
   rrule.js                   20260901 20260907 20260914 20260921 20260928 20261005 20261012 20261019 20261026 20261102
   ical4j                     20260907 20260914 20260921 20260928 20261005 20261012 20261019 20261026 20261102 20261109
   lib-recur                  20260901 20260907 20260914 20260921 20260928 20261005 20261012 20261019 20261026 20261102
   libical master 48d52b4     20260907 20260914 20260921 20260928 20261005 20261012 20261019 20261026 20261102 20261109
   [reading] filter-instances 20260901 20260907 20260914 20260921 20260928 20261005 20261012 20261019 20261026 20261102
   [reading] seed-limit       20260907 20260914 20260921 20260928 20261005 20261012 20261019 20261026 20261102 20261109

